error(train): 0.005000
error(test): 0.137500